"국가","2020년 GDP","2020년 인당GDP","2020년 경제성장률","2020년 탄소배출량","2020년 1인당 이산화탄소배출량","2020년 GDP 달러당 이산화탄소배출량"
"그리스",189.4,17676,8.2,51002.2,4.767,0.1762017
"네덜란드",912.2,52304,3.7,130315.1,7.472,0.1382017
"노르웨이",362,67294,0.8,36177.4,6.725,0.1052017
"뉴질랜드",212.5,41792,1,31359.7,6.161,0.1472017
"대한민국",1638.2,31637,0.9,569681.8,10.99,0.2592017
"덴마크",355.2,60909,2.7,27356.5,4.691,0.0852017
"독일",3806.1,45724,4.9,603350.5,7.255,0.1402017
"라트비아",33.5,17620,3.6,6928.3,3.646,0.1192017
"룩셈부르크",73.3,115874,1.3,7853.1,12.457,0.1112017
"리투아니아",55.9,19998,0.9,11693.8,4.184,0.1132017
"멕시코",1076.2,8347,8.2,383131.4,3.041,0.1662017
"미국",20936.6,63544,3.5,4320532.5,13.033,0.2172017
"벨기에",515.3,44594,6.3,85364.1,7.398,0.1512017
"스웨덴",537.6,51926,2.8,33576.1,3.243,0.0632017
"스위스",748,86602,2.9,34916.1,4.042,0.0602017
"스페인",1281.2,27057,10.8,202705.8,4.28,0.1192017
"슬로바키아",104.6,19157,4.8,29035.8,5.319,0.1722017
"슬로베니아",52.9,25180,5.5,12477.3,5.935,0.1602017
"아이슬란드",21.7,59261,6.6,1446.6,3.947,0.0762017
"아일랜드",418.6,83813,3.4,33742.2,6.768,0.0742017
"에스토니아",31,23312,2.9,7097.52,5.338,0.1492017
"영국",2707.7,40285,9.8,308650.3,4.601,0.1102017
"오스트레일리아",1330.9,51812,0.3,378996.8,14.773,0.3032017
"오스트리아",429,48105,6.6,59142.4,6.633,0.1282017
"이스라엘",402,43611,2.4,58471.8,6.345,0.1602017
"이탈리아",1886.4,31676,8.9,281286.8,4.732,0.1212017
"일본",NA,NA,NA,1014064.7,8.032,0.2012017
"체코",243.5,22762,5.6,88835.2,8.304,0.2152017
"칠레",252.9,13232,5.8,84827.8,4.395,0.1912017
"캐나다",1643.4,43242,5.4,516873.7,13.599,0.2942017
"코스타리카",61.5,12077,4.5,6967.4,1.36,0.0692017
"콜롬비아",271.3,5333,6.8,79057.6,1.552,0.1162017
"튀르키예",720.1,8538,1.8,407406.2,4.842,0.1702017
"포르투갈",231.3,22440,7.6,38973.5,3.785,0.1182017
"폴란드",594.2,15656,2.7,279223.8,7.368,0.2262017
"프랑스",2603,38625,8.1,267154.7,3.954,0.0942017
"핀란드",271.2,49041,2.8,36329.9,6.57,0.1392017
"헝가리",155,15899,5,44769.3,4.592,0.1472017
